2 1000
1187123.000000	4901129.000000	0.000000	0.000000	436734.000000	10000.000000	0
2072675.000000	-1392878.000000	0.000000	0.000000	438124.000000	10000.000000	1
3095874.000000	-4227207.000000	0.000000	0.000000	217174.000000	10000.000000	2
-3333750.000000	3377855.000000	0.000000	0.000000	361761.000000	10000.000000	3
-1157114.000000	4206581.000000	0.000000	0.000000	121321.000000	10000.000000	4
-2954988.000000	-1177510.000000	0.000000	0.000000	20458.000000	10000.000000	5
-159285.000000	-2025307.000000	0.000000	0.000000	19246.000000	10000.000000	6
-151073.000000	-3778715.000000	0.000000	0.000000	401623.000000	10000.000000	7
2880156.000000	1459106.000000	0.000000	0.000000	471141.000000	10000.000000	8
-3303756.000000	-2205047.000000	0.000000	0.000000	192185.000000	10000.000000	9
-284872.000000	-3977207.000000	0.000000	0.000000	139763.000000	10000.000000	10
-1895635.000000	3329800.000000	0.000000	0.000000	172136.000000	10000.000000	11
2926212.000000	-3530200.000000	0.000000	0.000000	313115.000000	10000.000000	12
159583.000000	2667117.000000	0.000000	0.000000	443035.000000	10000.000000	13
-3636386.000000	3352002.000000	0.000000	0.000000	147983.000000	10000.000000	14
-2268461.000000	2828679.000000	0.000000	0.000000	365231.000000	10000.000000	15
1612663.000000	-1991814.000000	0.000000	0.000000	452516.000000	10000.000000	16
-3968385.000000	2656319.000000	0.000000	0.000000	212057.000000	10000.000000	17
88221.000000	742227.000000	0.000000	0.000000	482517.000000	10000.000000	18
-4113764.000000	2262218.000000	0.000000	0.000000	452618.000000	10000.000000	19
2983100.000000	-3538470.000000	0.000000	0.000000	122030.000000	10000.000000	20
4499063.000000	732165.000000	0.000000	0.000000	462121.000000	10000.000000	21
4015289.000000	-4478509.000000	0.000000	0.000000	471473.000000	10000.000000	22
3032597.000000	2970609.000000	0.000000	0.000000	449437.000000	10000.000000	23
-477019.000000	-3807029.000000	0.000000	0.000000	40691.000000	10000.000000	24
1910337.000000	-4800984.000000	0.000000	0.000000	156435.000000	10000.000000	25
262800.000000	-2937480.000000	0.000000	0.000000	443673.000000	10000.000000	26
-47854.000000	-1946439.000000	0.000000	0.000000	235163.000000	10000.000000	27
-4339290.000000	2918216.000000	0.000000	0.000000	72306.000000	10000.000000	28
4402478.000000	2121022.000000	0.000000	0.000000	131205.000000	10000.000000	29
4754116.000000	-753857.000000	0.000000	0.000000	209464.000000	10000.000000	30
-4325995.000000	2695656.000000	0.000000	0.000000	76707.000000	10000.000000	31
-3836491.000000	-2438486.000000	0.000000	0.000000	405239.000000	10000.000000	32
-2188438.000000	-2767335.000000	0.000000	0.000000	123888.000000	10000.000000	33
1169360.000000	2662881.000000	0.000000	0.000000	139866.000000	10000.000000	34
4755938.000000	1189636.000000	0.000000	0.000000	315453.000000	10000.000000	35
-3755355.000000	-2052551.000000	0.000000	0.000000	84702.000000	10000.000000	36
3663725.000000	43566.000000	0.000000	0.000000	464219.000000	10000.000000	37
4817962.000000	-4330617.000000	0.000000	0.000000	116531.000000	10000.000000	38
-165289.000000	358404.000000	0.000000	0.000000	20998.000000	10000.000000	39
-4782994.000000	-2708891.000000	0.000000	0.000000	101710.000000	10000.000000	40
1199502.000000	-311136.000000	0.000000	0.000000	69.000000	10000.000000	41
4789996.000000	-2268144.000000	0.000000	0.000000	9168.000000	10000.000000	42
-3639364.000000	1464064.000000	0.000000	0.000000	63508.000000	10000.000000	43
-4742315.000000	4917384.000000	0.000000	0.000000	460030.000000	10000.000000	44
-4487197.000000	-273824.000000	0.000000	0.000000	145392.000000	10000.000000	45
3760997.000000	-4870366.000000	0.000000	0.000000	8588.000000	10000.000000	46
-4942571.000000	-273676.000000	0.000000	0.000000	333100.000000	10000.000000	47
-2721811.000000	3407693.000000	0.000000	0.000000	434457.000000	10000.000000	48
-4640391.000000	-2269250.000000	0.000000	0.000000	320601.000000	10000.000000	49
-2861773.000000	1048443.000000	0.000000	0.000000	413033.000000	10000.000000	50
-4367573.000000	135805.000000	0.000000	0.000000	130869.000000	10000.000000	51
-296013.000000	569624.000000	0.000000	0.000000	449005.000000	10000.000000	52
-75324.000000	4448733.000000	0.000000	0.000000	302757.000000	10000.000000	53
4405138.000000	-3422089.000000	0.000000	0.000000	246175.000000	10000.000000	54
-4276410.000000	-3400702.000000	0.000000	0.000000	63924.000000	10000.000000	55
1399340.000000	3444160.000000	0.000000	0.000000	465464.000000	10000.000000	56
-616809.000000	-944024.000000	0.000000	0.000000	280086.000000	10000.000000	57
4214071.000000	-2179105.000000	0.000000	0.000000	486464.000000	10000.000000	58
794721.000000	3405564.000000	0.000000	0.000000	343968.000000	10000.000000	59
3160632.000000	383508.000000	0.000000	0.000000	42974.000000	10000.000000	60
1707552.000000	-2357723.000000	0.000000	0.000000	454786.000000	10000.000000	61
1055775.000000	1086672.000000	0.000000	0.000000	58675.000000	10000.000000	62
3840598.000000	-455648.000000	0.000000	0.000000	131135.000000	10000.000000	63
-4276325.000000	-3017934.000000	0.000000	0.000000	129452.000000	10000.000000	64
-4219736.000000	583172.000000	0.000000	0.000000	348667.000000	10000.000000	65
1935521.000000	-4362300.000000	0.000000	0.000000	75236.000000	10000.000000	66
2773054.000000	4694691.000000	0.000000	0.000000	160361.000000	10000.000000	67
148752.000000	-881418.000000	0.000000	0.000000	400038.000000	10000.000000	68
1302344.000000	633029.000000	0.000000	0.000000	143056.000000	10000.000000	69
-2496369.000000	-1870596.000000	0.000000	0.000000	9227.000000	10000.000000	70
215871.000000	4924564.000000	0.000000	0.000000	416738.000000	10000.000000	71
-244654.000000	-3095965.000000	0.000000	0.000000	276189.000000	10000.000000	72
1098945.000000	-229447.000000	0.000000	0.000000	353998.000000	10000.000000	73
4543261.000000	-3904676.000000	0.000000	0.000000	165731.000000	10000.000000	74
4657538.000000	3106260.000000	0.000000	0.000000	471011.000000	10000.000000	75
928826.000000	1311101.000000	0.000000	0.000000	344356.000000	10000.000000	76
2308563.000000	3958330.000000	0.000000	0.000000	109443.000000	10000.000000	77
-2257445.000000	133131.000000	0.000000	0.000000	423303.000000	10000.000000	78
-3682475.000000	2637090.000000	0.000000	0.000000	404254.000000	10000.000000	79
1074305.000000	-4305308.000000	0.000000	0.000000	42196.000000	10000.000000	80
3600237.000000	-2816072.000000	0.000000	0.000000	178801.000000	10000.000000	81
-780037.000000	-2990015.000000	0.000000	0.000000	421645.000000	10000.000000	82
-4366154.000000	-395680.000000	0.000000	0.000000	141817.000000	10000.000000	83
3399743.000000	4006291.000000	0.000000	0.000000	273218.000000	10000.000000	84
-2157757.000000	1849380.000000	0.000000	0.000000	487103.000000	10000.000000	85
-4827454.000000	-2276436.000000	0.000000	0.000000	157802.000000	10000.000000	86
3158519.000000	-720639.000000	0.000000	0.000000	57735.000000	10000.000000	87
-3846975.000000	-698415.000000	0.000000	0.000000	366998.000000	10000.000000	88
-3211526.000000	-3319609.000000	0.000000	0.000000	86760.000000	10000.000000	89
4089785.000000	-3913831.000000	0.000000	0.000000	403510.000000	10000.000000	90
-834431.000000	740127.000000	0.000000	0.000000	26150.000000	10000.000000	91
1761443.000000	-2834342.000000	0.000000	0.000000	339471.000000	10000.000000	92
-3377861.000000	367084.000000	0.000000	0.000000	195881.000000	10000.000000	93
1091811.000000	2492258.000000	0.000000	0.000000	350573.000000	10000.000000	94
1145963.000000	1674321.000000	0.000000	0.000000	157896.000000	10000.000000	95
-3625657.000000	3438706.000000	0.000000	0.000000	432286.000000	10000.000000	96
4023348.000000	-282462.000000	0.000000	0.000000	354341.000000	10000.000000	97
2616686.000000	-2697424.000000	0.000000	0.000000	6924.000000	10000.000000	98
3486315.000000	-3991694.000000	0.000000	0.000000	306764.000000	10000.000000	99
-1346124.000000	-4718406.000000	0.000000	0.000000	227789.000000	10000.000000	100
1780036.000000	-2316419.000000	0.000000	0.000000	267962.000000	10000.000000	101
-2031607.000000	-3641749.000000	0.000000	0.000000	354848.000000	10000.000000	102
-2413141.000000	271392.000000	0.000000	0.000000	238902.000000	10000.000000	103
4767732.000000	4392555.000000	0.000000	0.000000	294400.000000	10000.000000	104
-4895040.000000	4646567.000000	0.000000	0.000000	274825.000000	10000.000000	105
4886527.000000	3236516.000000	0.000000	0.000000	227093.000000	10000.000000	106
4713576.000000	-2334730.000000	0.000000	0.000000	62544.000000	10000.000000	107
-794696.000000	-4769371.000000	0.000000	0.000000	385562.000000	10000.000000	108
-1609492.000000	-4264683.000000	0.000000	0.000000	434497.000000	10000.000000	109
-291598.000000	2739026.000000	0.000000	0.000000	267754.000000	10000.000000	110
733992.000000	-3464921.000000	0.000000	0.000000	92393.000000	10000.000000	111
-2003655.000000	4507461.000000	0.000000	0.000000	72487.000000	10000.000000	112
-1653437.000000	-3786893.000000	0.000000	0.000000	52287.000000	10000.000000	113
-2679120.000000	-3983729.000000	0.000000	0.000000	425062.000000	10000.000000	114
-1005934.000000	-3177871.000000	0.000000	0.000000	184338.000000	10000.000000	115
2870158.000000	-2555859.000000	0.000000	0.000000	347874.000000	10000.000000	116
3359987.000000	3892110.000000	0.000000	0.000000	428369.000000	10000.000000	117
-2435866.000000	3891606.000000	0.000000	0.000000	353975.000000	10000.000000	118
-4852860.000000	-74935.000000	0.000000	0.000000	205157.000000	10000.000000	119
1245324.000000	-1025365.000000	0.000000	0.000000	435089.000000	10000.000000	120
-1208103.000000	-3044331.000000	0.000000	0.000000	226586.000000	10000.000000	121
3920720.000000	4122923.000000	0.000000	0.000000	112703.000000	10000.000000	122
3050569.000000	3876994.000000	0.000000	0.000000	87165.000000	10000.000000	123
4375736.000000	-1249719.000000	0.000000	0.000000	449450.000000	10000.000000	124
1754463.000000	-1871574.000000	0.000000	0.000000	191144.000000	10000.000000	125
1220405.000000	3757477.000000	0.000000	0.000000	357482.000000	10000.000000	126
3513532.000000	-4203677.000000	0.000000	0.000000	425675.000000	10000.000000	127
-3321659.000000	-751466.000000	0.000000	0.000000	157413.000000	10000.000000	128
1354927.000000	3884900.000000	0.000000	0.000000	97309.000000	10000.000000	129
2249474.000000	-4728028.000000	0.000000	0.000000	409283.000000	10000.000000	130
1197505.000000	1125307.000000	0.000000	0.000000	175766.000000	10000.000000	131
-1326855.000000	3578844.000000	0.000000	0.000000	44266.000000	10000.000000	132
-2776929.000000	-1178970.000000	0.000000	0.000000	430257.000000	10000.000000	133
-3381298.000000	-664153.000000	0.000000	0.000000	16471.000000	10000.000000	134
-2137340.000000	2413075.000000	0.000000	0.000000	474867.000000	10000.000000	135
2213410.000000	-1816586.000000	0.000000	0.000000	164755.000000	10000.000000	136
-4049811.000000	-4001198.000000	0.000000	0.000000	429221.000000	10000.000000	137
3380744.000000	-1799656.000000	0.000000	0.000000	201520.000000	10000.000000	138
-4329232.000000	1462893.000000	0.000000	0.000000	269508.000000	10000.000000	139
4462389.000000	-4263177.000000	0.000000	0.000000	427689.000000	10000.000000	140
-3643038.000000	-3433207.000000	0.000000	0.000000	493259.000000	10000.000000	141
-2889631.000000	4384721.000000	0.000000	0.000000	367481.000000	10000.000000	142
-1154448.000000	-4544834.000000	0.000000	0.000000	494840.000000	10000.000000	143
-727708.000000	-1633349.000000	0.000000	0.000000	154377.000000	10000.000000	144
3835874.000000	448196.000000	0.000000	0.000000	27354.000000	10000.000000	145
-2088930.000000	-1302768.000000	0.000000	0.000000	241409.000000	10000.000000	146
4789609.000000	-3696594.000000	0.000000	0.000000	231622.000000	10000.000000	147
-4763372.000000	-376817.000000	0.000000	0.000000	4944.000000	10000.000000	148
-368148.000000	4047603.000000	0.000000	0.000000	101880.000000	10000.000000	149
-2168634.000000	695229.000000	0.000000	0.000000	57508.000000	10000.000000	150
-3486026.000000	1742471.000000	0.000000	0.000000	110397.000000	10000.000000	151
-4992565.000000	622433.000000	0.000000	0.000000	401882.000000	10000.000000	152
-2831267.000000	2782152.000000	0.000000	0.000000	52249.000000	10000.000000	153
2005137.000000	2615098.000000	0.000000	0.000000	262694.000000	10000.000000	154
4466829.000000	4326490.000000	0.000000	0.000000	39609.000000	10000.000000	155
-1302974.000000	-3084751.000000	0.000000	0.000000	26497.000000	10000.000000	156
-2620511.000000	-1526190.000000	0.000000	0.000000	403671.000000	10000.000000	157
-899401.000000	742646.000000	0.000000	0.000000	431898.000000	10000.000000	158
1152829.000000	-2156160.000000	0.000000	0.000000	360156.000000	10000.000000	159
2978012.000000	-1058149.000000	0.000000	0.000000	405355.000000	10000.000000	160
-1408899.000000	1077079.000000	0.000000	0.000000	291549.000000	10000.000000	161
3853118.000000	500440.000000	0.000000	0.000000	384159.000000	10000.000000	162
1722851.000000	2831495.000000	0.000000	0.000000	404932.000000	10000.000000	163
-1357720.000000	4440144.000000	0.000000	0.000000	420225.000000	10000.000000	164
-2958372.000000	2187709.000000	0.000000	0.000000	468035.000000	10000.000000	165
-2706095.000000	-1095939.000000	0.000000	0.000000	417325.000000	10000.000000	166
2629893.000000	-2040438.000000	0.000000	0.000000	78931.000000	10000.000000	167
-1733637.000000	4333853.000000	0.000000	0.000000	26252.000000	10000.000000	168
2329370.000000	-1914882.000000	0.000000	0.000000	293058.000000	10000.000000	169
-2369484.000000	4129488.000000	0.000000	0.000000	452027.000000	10000.000000	170
-2354515.000000	-2246551.000000	0.000000	0.000000	292182.000000	10000.000000	171
-3269521.000000	-582236.000000	0.000000	0.000000	268999.000000	10000.000000	172
4172322.000000	1926054.000000	0.000000	0.000000	394176.000000	10000.000000	173
1306398.000000	-4403299.000000	0.000000	0.000000	457929.000000	10000.000000	174
-2468973.000000	-532502.000000	0.000000	0.000000	278648.000000	10000.000000	175
-1152451.000000	3784535.000000	0.000000	0.000000	292736.000000	10000.000000	176
2497385.000000	4121211.000000	0.000000	0.000000	165357.000000	10000.000000	177
857560.000000	-1415525.000000	0.000000	0.000000	371408.000000	10000.000000	178
4141152.000000	-3006163.000000	0.000000	0.000000	476405.000000	10000.000000	179
3439666.000000	4232211.000000	0.000000	0.000000	100183.000000	10000.000000	180
-4516251.000000	-2514758.000000	0.000000	0.000000	240098.000000	10000.000000	181
1663413.000000	3912895.000000	0.000000	0.000000	80871.000000	10000.000000	182
590634.000000	558489.000000	0.000000	0.000000	245120.000000	10000.000000	183
3788468.000000	1199625.000000	0.000000	0.000000	149870.000000	10000.000000	184
746420.000000	-549904.000000	0.000000	0.000000	308636.000000	10000.000000	185
3141391.000000	-4584986.000000	0.000000	0.000000	416592.000000	10000.000000	186
-3436761.000000	-4870949.000000	0.000000	0.000000	351750.000000	10000.000000	187
4294188.000000	-4034593.000000	0.000000	0.000000	487453.000000	10000.000000	188
-4351513.000000	-3171154.000000	0.000000	0.000000	159846.000000	10000.000000	189
-1031278.000000	-1014247.000000	0.000000	0.000000	257382.000000	10000.000000	190
4363545.000000	-3908339.000000	0.000000	0.000000	91730.000000	10000.000000	191
2214553.000000	4602396.000000	0.000000	0.000000	364675.000000	10000.000000	192
-1609801.000000	-1651314.000000	0.000000	0.000000	445432.000000	10000.000000	193
4283406.000000	-3458459.000000	0.000000	0.000000	181359.000000	10000.000000	194
-2203981.000000	786446.000000	0.000000	0.000000	422061.000000	10000.000000	195
3503857.000000	2123921.000000	0.000000	0.000000	225318.000000	10000.000000	196
-3245869.000000	-3641557.000000	0.000000	0.000000	452797.000000	10000.000000	197
-3441877.000000	1669593.000000	0.000000	0.000000	437325.000000	10000.000000	198
1645588.000000	-1350992.000000	0.000000	0.000000	444377.000000	10000.000000	199
1533650.000000	3157836.000000	0.000000	0.000000	31663.000000	10000.000000	200
-1482832.000000	-3267013.000000	0.000000	0.000000	416071.000000	10000.000000	201
-4445293.000000	-660492.000000	0.000000	0.000000	273591.000000	10000.000000	202
-2512470.000000	-2867589.000000	0.000000	0.000000	99651.000000	10000.000000	203
2969136.000000	-2725687.000000	0.000000	0.000000	187797.000000	10000.000000	204
2157749.000000	-4501933.000000	0.000000	0.000000	62008.000000	10000.000000	205
-3936399.000000	-2668411.000000	0.000000	0.000000	345886.000000	10000.000000	206
-2098273.000000	4766936.000000	0.000000	0.000000	5305.000000	10000.000000	207
746511.000000	-3145166.000000	0.000000	0.000000	30744.000000	10000.000000	208
-997203.000000	2766085.000000	0.000000	0.000000	431577.000000	10000.000000	209
2101673.000000	-1839558.000000	0.000000	0.000000	301.000000	10000.000000	210
164402.000000	-3034511.000000	0.000000	0.000000	331710.000000	10000.000000	211
3450068.000000	-1625039.000000	0.000000	0.000000	362779.000000	10000.000000	212
-2307983.000000	2930434.000000	0.000000	0.000000	199155.000000	10000.000000	213
-3611538.000000	4070437.000000	0.000000	0.000000	488678.000000	10000.000000	214
2045913.000000	3540615.000000	0.000000	0.000000	83043.000000	10000.000000	215
1214363.000000	4903624.000000	0.000000	0.000000	247108.000000	10000.000000	216
-1968047.000000	1076843.000000	0.000000	0.000000	58561.000000	10000.000000	217
-4657018.000000	-4493630.000000	0.000000	0.000000	132819.000000	10000.000000	218
641492.000000	670734.000000	0.000000	0.000000	287479.000000	10000.000000	219
1864065.000000	4135429.000000	0.000000	0.000000	220448.000000	10000.000000	220
617910.000000	-1748589.000000	0.000000	0.000000	395518.000000	10000.000000	221
4864151.000000	-592304.000000	0.000000	0.000000	187517.000000	10000.000000	222
4193588.000000	2753059.000000	0.000000	0.000000	475550.000000	10000.000000	223
926669.000000	-3590788.000000	0.000000	0.000000	298239.000000	10000.000000	224
-3722655.000000	-4391188.000000	0.000000	0.000000	428205.000000	10000.000000	225
4067050.000000	-1359197.000000	0.000000	0.000000	41834.000000	10000.000000	226
898564.000000	1823326.000000	0.000000	0.000000	243432.000000	10000.000000	227
4872207.000000	177203.000000	0.000000	0.000000	331038.000000	10000.000000	228
903340.000000	867004.000000	0.000000	0.000000	181299.000000	10000.000000	229
413217.000000	1474639.000000	0.000000	0.000000	34669.000000	10000.000000	230
3719054.000000	1262654.000000	0.000000	0.000000	491416.000000	10000.000000	231
1363685.000000	-4232817.000000	0.000000	0.000000	231136.000000	10000.000000	232
-704842.000000	2955557.000000	0.000000	0.000000	165177.000000	10000.000000	233
4987461.000000	3449249.000000	0.000000	0.000000	239876.000000	10000.000000	234
-1847905.000000	3589729.000000	0.000000	0.000000	403070.000000	10000.000000	235
2097199.000000	306041.000000	0.000000	0.000000	357606.000000	10000.000000	236
-4641745.000000	-1276369.000000	0.000000	0.000000	81957.000000	10000.000000	237
-498475.000000	-187946.000000	0.000000	0.000000	237702.000000	10000.000000	238
2413850.000000	252913.000000	0.000000	0.000000	372238.000000	10000.000000	239
285134.000000	1523660.000000	0.000000	0.000000	468354.000000	10000.000000	240
2415175.000000	3537790.000000	0.000000	0.000000	9291.000000	10000.000000	241
-1741248.000000	422670.000000	0.000000	0.000000	126728.000000	10000.000000	242
-4542350.000000	185946.000000	0.000000	0.000000	267724.000000	10000.000000	243
-2360098.000000	3694239.000000	0.000000	0.000000	5362.000000	10000.000000	244
1923229.000000	-3201606.000000	0.000000	0.000000	475076.000000	10000.000000	245
3795132.000000	3112118.000000	0.000000	0.000000	291116.000000	10000.000000	246
1432943.000000	1912454.000000	0.000000	0.000000	474848.000000	10000.000000	247
4644661.000000	-494697.000000	0.000000	0.000000	216146.000000	10000.000000	248
3128830.000000	-4799792.000000	0.000000	0.000000	351156.000000	10000.000000	249
543037.000000	4317479.000000	0.000000	0.000000	194892.000000	10000.000000	250
-2262953.000000	-609534.000000	0.000000	0.000000	332390.000000	10000.000000	251
-1821847.000000	-2379777.000000	0.000000	0.000000	30803.000000	10000.000000	252
3408629.000000	1734333.000000	0.000000	0.000000	122794.000000	10000.000000	253
107276.000000	3996009.000000	0.000000	0.000000	140874.000000	10000.000000	254
4040668.000000	-103917.000000	0.000000	0.000000	205282.000000	10000.000000	255
-3322914.000000	4835948.000000	0.000000	0.000000	140242.000000	10000.000000	256
1163753.000000	1576122.000000	0.000000	0.000000	335904.000000	10000.000000	257
-4822439.000000	-854223.000000	0.000000	0.000000	356782.000000	10000.000000	258
-2269698.000000	157193.000000	0.000000	0.000000	441123.000000	10000.000000	259
3144133.000000	3199272.000000	0.000000	0.000000	469946.000000	10000.000000	260
3096402.000000	-4301449.000000	0.000000	0.000000	284743.000000	10000.000000	261
-689538.000000	-1807898.000000	0.000000	0.000000	119210.000000	10000.000000	262
-1286580.000000	-3548786.000000	0.000000	0.000000	67543.000000	10000.000000	263
3380658.000000	-3651491.000000	0.000000	0.000000	407342.000000	10000.000000	264
-800575.000000	-2056190.000000	0.000000	0.000000	148787.000000	10000.000000	265
1387363.000000	-4458922.000000	0.000000	0.000000	120290.000000	10000.000000	266
-4030251.000000	1126613.000000	0.000000	0.000000	255215.000000	10000.000000	267
4518983.000000	-3176904.000000	0.000000	0.000000	227694.000000	10000.000000	268
3788572.000000	3858158.000000	0.000000	0.000000	224973.000000	10000.000000	269
1780512.000000	-1689748.000000	0.000000	0.000000	22638.000000	10000.000000	270
3026334.000000	256945.000000	0.000000	0.000000	53324.000000	10000.000000	271
1321241.000000	-1856122.000000	0.000000	0.000000	90151.000000	10000.000000	272
1031024.000000	-983830.000000	0.000000	0.000000	288827.000000	10000.000000	273
442531.000000	1874995.000000	0.000000	0.000000	496979.000000	10000.000000	274
-3723688.000000	-3957003.000000	0.000000	0.000000	289772.000000	10000.000000	275
-836580.000000	1852992.000000	0.000000	0.000000	249384.000000	10000.000000	276
2205872.000000	-2264276.000000	0.000000	0.000000	158149.000000	10000.000000	277
-2258455.000000	1273447.000000	0.000000	0.000000	399567.000000	10000.000000	278
-4732613.000000	-4225892.000000	0.000000	0.000000	263372.000000	10000.000000	279
-4020215.000000	1246104.000000	0.000000	0.000000	182455.000000	10000.000000	280
-1665772.000000	-1903842.000000	0.000000	0.000000	381936.000000	10000.000000	281
-329349.000000	-3225166.000000	0.000000	0.000000	167879.000000	10000.000000	282
1549593.000000	4039701.000000	0.000000	0.000000	216479.000000	10000.000000	283
-972970.000000	1374287.000000	0.000000	0.000000	96343.000000	10000.000000	284
-4801411.000000	4236210.000000	0.000000	0.000000	39732.000000	10000.000000	285
-1294330.000000	3446973.000000	0.000000	0.000000	74643.000000	10000.000000	286
3279486.000000	-462310.000000	0.000000	0.000000	149337.000000	10000.000000	287
-4252987.000000	2397717.000000	0.000000	0.000000	172341.000000	10000.000000	288
4815154.000000	2617015.000000	0.000000	0.000000	297830.000000	10000.000000	289
3203280.000000	-325682.000000	0.000000	0.000000	176042.000000	10000.000000	290
4560171.000000	3393280.000000	0.000000	0.000000	35815.000000	10000.000000	291
-3399437.000000	-1455680.000000	0.000000	0.000000	386531.000000	10000.000000	292
-2677078.000000	2951004.000000	0.000000	0.000000	471730.000000	10000.000000	293
-3009042.000000	-2332516.000000	0.000000	0.000000	419540.000000	10000.000000	294
-597432.000000	-3584187.000000	0.000000	0.000000	111388.000000	10000.000000	295
3754429.000000	3648457.000000	0.000000	0.000000	72025.000000	10000.000000	296
-1831542.000000	4154569.000000	0.000000	0.000000	291346.000000	10000.000000	297
1040547.000000	1246267.000000	0.000000	0.000000	45051.000000	10000.000000	298
1576050.000000	96717.000000	0.000000	0.000000	418806.000000	10000.000000	299
4400030.000000	-2495304.000000	0.000000	0.000000	353666.000000	10000.000000	300
-1833067.000000	802355.000000	0.000000	0.000000	387387.000000	10000.000000	301
-2891846.000000	3603689.000000	0.000000	0.000000	71523.000000	10000.000000	302
3262335.000000	-4276966.000000	0.000000	0.000000	266417.000000	10000.000000	303
2934908.000000	2611450.000000	0.000000	0.000000	83486.000000	10000.000000	304
3353482.000000	3850079.000000	0.000000	0.000000	359990.000000	10000.000000	305
1756844.000000	479971.000000	0.000000	0.000000	338755.000000	10000.000000	306
-2802368.000000	1060978.000000	0.000000	0.000000	374584.000000	10000.000000	307
8934.000000	758214.000000	0.000000	0.000000	42758.000000	10000.000000	308
1144194.000000	3491339.000000	0.000000	0.000000	8066.000000	10000.000000	309
1523879.000000	3628811.000000	0.000000	0.000000	339291.000000	10000.000000	310
3237201.000000	-3296511.000000	0.000000	0.000000	276670.000000	10000.000000	311
3325561.000000	-1504385.000000	0.000000	0.000000	333460.000000	10000.000000	312
-3905172.000000	-270738.000000	0.000000	0.000000	72959.000000	10000.000000	313
1974523.000000	2748164.000000	0.000000	0.000000	34752.000000	10000.000000	314
2383483.000000	3221461.000000	0.000000	0.000000	439380.000000	10000.000000	315
-4268455.000000	3477381.000000	0.000000	0.000000	497667.000000	10000.000000	316
3490495.000000	-3085893.000000	0.000000	0.000000	303729.000000	10000.000000	317
3816331.000000	-3303023.000000	0.000000	0.000000	318157.000000	10000.000000	318
-2354460.000000	-1174184.000000	0.000000	0.000000	126568.000000	10000.000000	319
1985001.000000	-2482993.000000	0.000000	0.000000	147530.000000	10000.000000	320
-1875835.000000	-748002.000000	0.000000	0.000000	383339.000000	10000.000000	321
2196642.000000	-3165861.000000	0.000000	0.000000	16311.000000	10000.000000	322
3292677.000000	-2440133.000000	0.000000	0.000000	338128.000000	10000.000000	323
3693240.000000	77557.000000	0.000000	0.000000	225559.000000	10000.000000	324
3013304.000000	1460171.000000	0.000000	0.000000	357381.000000	10000.000000	325
-3200067.000000	-1566567.000000	0.000000	0.000000	83658.000000	10000.000000	326
1826627.000000	-3787436.000000	0.000000	0.000000	295304.000000	10000.000000	327
-1341549.000000	4278997.000000	0.000000	0.000000	140367.000000	10000.000000	328
3121637.000000	594222.000000	0.000000	0.000000	477724.000000	10000.000000	329
-841986.000000	3190272.000000	0.000000	0.000000	93060.000000	10000.000000	330
2833238.000000	-1310574.000000	0.000000	0.000000	368674.000000	10000.000000	331
701568.000000	-4237354.000000	0.000000	0.000000	200756.000000	10000.000000	332
2769823.000000	193136.000000	0.000000	0.000000	105786.000000	10000.000000	333
3364956.000000	3751534.000000	0.000000	0.000000	130170.000000	10000.000000	334
4171541.000000	451447.000000	0.000000	0.000000	293276.000000	10000.000000	335
-646265.000000	3918647.000000	0.000000	0.000000	93446.000000	10000.000000	336
4078991.000000	2768759.000000	0.000000	0.000000	352091.000000	10000.000000	337
-958049.000000	-1119295.000000	0.000000	0.000000	155563.000000	10000.000000	338
1699696.000000	3431609.000000	0.000000	0.000000	228843.000000	10000.000000	339
794658.000000	-1792676.000000	0.000000	0.000000	45578.000000	10000.000000	340
1319222.000000	-322341.000000	0.000000	0.000000	121556.000000	10000.000000	341
3674934.000000	-2726669.000000	0.000000	0.000000	288714.000000	10000.000000	342
-3921819.000000	-2799739.000000	0.000000	0.000000	192326.000000	10000.000000	343
2566004.000000	-3582738.000000	0.000000	0.000000	441837.000000	10000.000000	344
-4591386.000000	-18867.000000	0.000000	0.000000	266323.000000	10000.000000	345
-2907053.000000	2933492.000000	0.000000	0.000000	482099.000000	10000.000000	346
3746753.000000	4723892.000000	0.000000	0.000000	124801.000000	10000.000000	347
3612137.000000	-734217.000000	0.000000	0.000000	79947.000000	10000.000000	348
3143934.000000	-2824865.000000	0.000000	0.000000	33643.000000	10000.000000	349
-2769517.000000	-1873497.000000	0.000000	0.000000	22376.000000	10000.000000	350
-3051250.000000	2702531.000000	0.000000	0.000000	223866.000000	10000.000000	351
-2912694.000000	-2185744.000000	0.000000	0.000000	346313.000000	10000.000000	352
2478361.000000	-1641433.000000	0.000000	0.000000	141820.000000	10000.000000	353
-3210125.000000	-653956.000000	0.000000	0.000000	221586.000000	10000.000000	354
4751237.000000	-1023389.000000	0.000000	0.000000	67136.000000	10000.000000	355
-499093.000000	642924.000000	0.000000	0.000000	264396.000000	10000.000000	356
-4396606.000000	-4853921.000000	0.000000	0.000000	165304.000000	10000.000000	357
-3286377.000000	54763.000000	0.000000	0.000000	169315.000000	10000.000000	358
4537999.000000	-1722085.000000	0.000000	0.000000	240948.000000	10000.000000	359
1165207.000000	-3983050.000000	0.000000	0.000000	432484.000000	10000.000000	360
2118715.000000	1141687.000000	0.000000	0.000000	191790.000000	10000.000000	361
76816.000000	-2384651.000000	0.000000	0.000000	439982.000000	10000.000000	362
836562.000000	383117.000000	0.000000	0.000000	233680.000000	10000.000000	363
-742765.000000	-1853516.000000	0.000000	0.000000	154550.000000	10000.000000	364
152853.000000	3314301.000000	0.000000	0.000000	62084.000000	10000.000000	365
-3512541.000000	-1533274.000000	0.000000	0.000000	413722.000000	10000.000000	366
-2167847.000000	3073082.000000	0.000000	0.000000	487307.000000	10000.000000	367
-3917607.000000	-3017495.000000	0.000000	0.000000	305821.000000	10000.000000	368
-2424636.000000	-4300981.000000	0.000000	0.000000	104991.000000	10000.000000	369
3878634.000000	4453194.000000	0.000000	0.000000	294972.000000	10000.000000	370
646920.000000	1814378.000000	0.000000	0.000000	491883.000000	10000.000000	371
2727255.000000	4390886.000000	0.000000	0.000000	319883.000000	10000.000000	372
2363406.000000	4893637.000000	0.000000	0.000000	73381.000000	10000.000000	373
90927.000000	4142055.000000	0.000000	0.000000	49004.000000	10000.000000	374
-4694116.000000	-2211530.000000	0.000000	0.000000	25324.000000	10000.000000	375
3234654.000000	1640709.000000	0.000000	0.000000	303494.000000	10000.000000	376
614654.000000	4107326.000000	0.000000	0.000000	314161.000000	10000.000000	377
-4995537.000000	92391.000000	0.000000	0.000000	185597.000000	10000.000000	378
337688.000000	-4436796.000000	0.000000	0.000000	373462.000000	10000.000000	379
1918834.000000	1746748.000000	0.000000	0.000000	295039.000000	10000.000000	380
-3457440.000000	-3465799.000000	0.000000	0.000000	372122.000000	10000.000000	381
-913255.000000	-1034659.000000	0.000000	0.000000	348073.000000	10000.000000	382
-652824.000000	-1176868.000000	0.000000	0.000000	182751.000000	10000.000000	383
2590742.000000	-1139378.000000	0.000000	0.000000	348582.000000	10000.000000	384
621533.000000	1463470.000000	0.000000	0.000000	76943.000000	10000.000000	385
-3767669.000000	-3068005.000000	0.000000	0.000000	37471.000000	10000.000000	386
-2314375.000000	-557112.000000	0.000000	0.000000	275134.000000	10000.000000	387
-4034367.000000	2206270.000000	0.000000	0.000000	219601.000000	10000.000000	388
-4890622.000000	1783497.000000	0.000000	0.000000	197226.000000	10000.000000	389
-639297.000000	-3569527.000000	0.000000	0.000000	224935.000000	10000.000000	390
3546157.000000	2253088.000000	0.000000	0.000000	353744.000000	10000.000000	391
-1996272.000000	-4413765.000000	0.000000	0.000000	216588.000000	10000.000000	392
-2725504.000000	-1760469.000000	0.000000	0.000000	300692.000000	10000.000000	393
-1875707.000000	1371285.000000	0.000000	0.000000	111939.000000	10000.000000	394
1078931.000000	4274082.000000	0.000000	0.000000	55195.000000	10000.000000	395
-4425674.000000	-2443622.000000	0.000000	0.000000	113525.000000	10000.000000	396
2696145.000000	-2770153.000000	0.000000	0.000000	165889.000000	10000.000000	397
-1121383.000000	3386581.000000	0.000000	0.000000	203014.000000	10000.000000	398
-2880298.000000	3764211.000000	0.000000	0.000000	199428.000000	10000.000000	399
-109648.000000	-2732576.000000	0.000000	0.000000	242970.000000	10000.000000	400
4818193.000000	-2882020.000000	0.000000	0.000000	48052.000000	10000.000000	401
-2000485.000000	2502299.000000	0.000000	0.000000	486336.000000	10000.000000	402
3529456.000000	-2335355.000000	0.000000	0.000000	485074.000000	10000.000000	403
-586541.000000	-1702073.000000	0.000000	0.000000	322957.000000	10000.000000	404
-600182.000000	-3524515.000000	0.000000	0.000000	217076.000000	10000.000000	405
4329011.000000	-2901587.000000	0.000000	0.000000	28350.000000	10000.000000	406
-3825104.000000	2609749.000000	0.000000	0.000000	252000.000000	10000.000000	407
3376717.000000	808481.000000	0.000000	0.000000	56351.000000	10000.000000	408
-1526314.000000	-4561270.000000	0.000000	0.000000	222941.000000	10000.000000	409
-2706094.000000	1543631.000000	0.000000	0.000000	295386.000000	10000.000000	410
-1182531.000000	224821.000000	0.000000	0.000000	189937.000000	10000.000000	411
4646921.000000	2754803.000000	0.000000	0.000000	285930.000000	10000.000000	412
4957804.000000	4222297.000000	0.000000	0.000000	45576.000000	10000.000000	413
-1222949.000000	3505577.000000	0.000000	0.000000	110420.000000	10000.000000	414
-3671242.000000	3756217.000000	0.000000	0.000000	218097.000000	10000.000000	415
4420751.000000	-4746165.000000	0.000000	0.000000	298593.000000	10000.000000	416
2085751.000000	2740942.000000	0.000000	0.000000	224614.000000	10000.000000	417
4756826.000000	911211.000000	0.000000	0.000000	75041.000000	10000.000000	418
3647743.000000	-2795425.000000	0.000000	0.000000	253496.000000	10000.000000	419
-2029376.000000	662326.000000	0.000000	0.000000	211554.000000	10000.000000	420
1143328.000000	-4438480.000000	0.000000	0.000000	154480.000000	10000.000000	421
-3602724.000000	328052.000000	0.000000	0.000000	238756.000000	10000.000000	422
-302596.000000	-3012702.000000	0.000000	0.000000	312086.000000	10000.000000	423
4637812.000000	2829766.000000	0.000000	0.000000	351251.000000	10000.000000	424
-1751745.000000	3211620.000000	0.000000	0.000000	377098.000000	10000.000000	425
4525812.000000	-4726543.000000	0.000000	0.000000	345866.000000	10000.000000	426
-4900641.000000	3648151.000000	0.000000	0.000000	290211.000000	10000.000000	427
3430063.000000	-4129473.000000	0.000000	0.000000	117062.000000	10000.000000	428
-2825951.000000	1136229.000000	0.000000	0.000000	164887.000000	10000.000000	429
-4521821.000000	-2842418.000000	0.000000	0.000000	315883.000000	10000.000000	430
-1194287.000000	-4005495.000000	0.000000	0.000000	320880.000000	10000.000000	431
1513464.000000	2631386.000000	0.000000	0.000000	110717.000000	10000.000000	432
1439125.000000	109224.000000	0.000000	0.000000	212506.000000	10000.000000	433
-123382.000000	-3674573.000000	0.000000	0.000000	141944.000000	10000.000000	434
4117668.000000	3628822.000000	0.000000	0.000000	339672.000000	10000.000000	435
278985.000000	-3811195.000000	0.000000	0.000000	448438.000000	10000.000000	436
188078.000000	2312314.000000	0.000000	0.000000	214780.000000	10000.000000	437
2397401.000000	271454.000000	0.000000	0.000000	410921.000000	10000.000000	438
-4096626.000000	3912642.000000	0.000000	0.000000	281420.000000	10000.000000	439
3449035.000000	-4618094.000000	0.000000	0.000000	305151.000000	10000.000000	440
-436111.000000	-3106468.000000	0.000000	0.000000	313792.000000	10000.000000	441
1847607.000000	-1511019.000000	0.000000	0.000000	258659.000000	10000.000000	442
-32093.000000	2839926.000000	0.000000	0.000000	117827.000000	10000.000000	443
3552731.000000	2031535.000000	0.000000	0.000000	249683.000000	10000.000000	444
-4491431.000000	3337728.000000	0.000000	0.000000	271051.000000	10000.000000	445
-999834.000000	1924921.000000	0.000000	0.000000	476263.000000	10000.000000	446
-3565557.000000	2289565.000000	0.000000	0.000000	362226.000000	10000.000000	447
-56036.000000	2129243.000000	0.000000	0.000000	223468.000000	10000.000000	448
3966693.000000	-4518613.000000	0.000000	0.000000	211125.000000	10000.000000	449
-2628649.000000	-2038172.000000	0.000000	0.000000	382030.000000	10000.000000	450
202935.000000	-3895459.000000	0.000000	0.000000	35390.000000	10000.000000	451
1243263.000000	605767.000000	0.000000	0.000000	443988.000000	10000.000000	452
1954267.000000	-556046.000000	0.000000	0.000000	147116.000000	10000.000000	453
3773466.000000	2174523.000000	0.000000	0.000000	50479.000000	10000.000000	454
2605693.000000	-1063087.000000	0.000000	0.000000	421403.000000	10000.000000	455
-3047000.000000	2543606.000000	0.000000	0.000000	450474.000000	10000.000000	456
-1939375.000000	267502.000000	0.000000	0.000000	91114.000000	10000.000000	457
2671186.000000	-2910666.000000	0.000000	0.000000	238237.000000	10000.000000	458
2025904.000000	2619801.000000	0.000000	0.000000	299214.000000	10000.000000	459
-4899106.000000	1499971.000000	0.000000	0.000000	398537.000000	10000.000000	460
-2520178.000000	493259.000000	0.000000	0.000000	426016.000000	10000.000000	461
-2723720.000000	1581229.000000	0.000000	0.000000	318468.000000	10000.000000	462
-256993.000000	939459.000000	0.000000	0.000000	421728.000000	10000.000000	463
-716120.000000	-2876900.000000	0.000000	0.000000	90941.000000	10000.000000	464
86236.000000	-1667999.000000	0.000000	0.000000	168983.000000	10000.000000	465
-4405091.000000	2441791.000000	0.000000	0.000000	428692.000000	10000.000000	466
3129481.000000	3635021.000000	0.000000	0.000000	337472.000000	10000.000000	467
-4268463.000000	2524238.000000	0.000000	0.000000	461.000000	10000.000000	468
-1590144.000000	1327946.000000	0.000000	0.000000	190587.000000	10000.000000	469
2390089.000000	-2889122.000000	0.000000	0.000000	348898.000000	10000.000000	470
-4780635.000000	4891992.000000	0.000000	0.000000	74523.000000	10000.000000	471
3438323.000000	-1379534.000000	0.000000	0.000000	427679.000000	10000.000000	472
-2543163.000000	152456.000000	0.000000	0.000000	211634.000000	10000.000000	473
-1007080.000000	2239116.000000	0.000000	0.000000	460646.000000	10000.000000	474
2521216.000000	-4679593.000000	0.000000	0.000000	42831.000000	10000.000000	475
-2973620.000000	1095242.000000	0.000000	0.000000	447091.000000	10000.000000	476
-4721196.000000	-272553.000000	0.000000	0.000000	247012.000000	10000.000000	477
2196830.000000	-4315912.000000	0.000000	0.000000	389117.000000	10000.000000	478
3458934.000000	-675883.000000	0.000000	0.000000	216642.000000	10000.000000	479
4360853.000000	-1201383.000000	0.000000	0.000000	215260.000000	10000.000000	480
-2275758.000000	2513488.000000	0.000000	0.000000	43751.000000	10000.000000	481
-3185350.000000	1034024.000000	0.000000	0.000000	232037.000000	10000.000000	482
2673480.000000	2373580.000000	0.000000	0.000000	19041.000000	10000.000000	483
-533646.000000	-2774202.000000	0.000000	0.000000	27849.000000	10000.000000	484
612852.000000	1493770.000000	0.000000	0.000000	76503.000000	10000.000000	485
-1387623.000000	2165077.000000	0.000000	0.000000	49205.000000	10000.000000	486
4425300.000000	-1320964.000000	0.000000	0.000000	168023.000000	10000.000000	487
2731277.000000	-3395044.000000	0.000000	0.000000	391183.000000	10000.000000	488
-3346973.000000	4583333.000000	0.000000	0.000000	415897.000000	10000.000000	489
4216268.000000	4318569.000000	0.000000	0.000000	492431.000000	10000.000000	490
-2143235.000000	1704227.000000	0.000000	0.000000	401546.000000	10000.000000	491
-925146.000000	2660261.000000	0.000000	0.000000	316245.000000	10000.000000	492
-1344395.000000	-2048587.000000	0.000000	0.000000	370479.000000	10000.000000	493
2162081.000000	-2755332.000000	0.000000	0.000000	284927.000000	10000.000000	494
-978874.000000	2058357.000000	0.000000	0.000000	82936.000000	10000.000000	495
1680609.000000	-1999593.000000	0.000000	0.000000	244686.000000	10000.000000	496
-1229725.000000	1074334.000000	0.000000	0.000000	130552.000000	10000.000000	497
-1646023.000000	-796512.000000	0.000000	0.000000	217409.000000	10000.000000	498
-768225.000000	2961343.000000	0.000000	0.000000	276638.000000	10000.000000	499
-4862049.000000	-766980.000000	0.000000	0.000000	87712.000000	10000.000000	500
-2984754.000000	1944254.000000	0.000000	0.000000	227282.000000	10000.000000	501
-3897157.000000	1276376.000000	0.000000	0.000000	18710.000000	10000.000000	502
1032481.000000	-2975078.000000	0.000000	0.000000	344659.000000	10000.000000	503
1020223.000000	2307174.000000	0.000000	0.000000	184851.000000	10000.000000	504
4933593.000000	-3320829.000000	0.000000	0.000000	413810.000000	10000.000000	505
-867991.000000	-4952630.000000	0.000000	0.000000	353680.000000	10000.000000	506
-2565075.000000	-2324741.000000	0.000000	0.000000	233109.000000	10000.000000	507
1400978.000000	-2412791.000000	0.000000	0.000000	489816.000000	10000.000000	508
3788867.000000	3187374.000000	0.000000	0.000000	308328.000000	10000.000000	509
3549520.000000	-1573364.000000	0.000000	0.000000	414478.000000	10000.000000	510
1712450.000000	3472107.000000	0.000000	0.000000	381341.000000	10000.000000	511
2166411.000000	2077276.000000	0.000000	0.000000	390086.000000	10000.000000	512
-3374717.000000	-53083.000000	0.000000	0.000000	411351.000000	10000.000000	513
4410850.000000	3463552.000000	0.000000	0.000000	262481.000000	10000.000000	514
-1138517.000000	-2100418.000000	0.000000	0.000000	194241.000000	10000.000000	515
-4130858.000000	-4505524.000000	0.000000	0.000000	420415.000000	10000.000000	516
3194481.000000	-2907634.000000	0.000000	0.000000	403342.000000	10000.000000	517
4769094.000000	-2478628.000000	0.000000	0.000000	434658.000000	10000.000000	518
1132916.000000	4816766.000000	0.000000	0.000000	414057.000000	10000.000000	519
975035.000000	-708727.000000	0.000000	0.000000	105168.000000	10000.000000	520
2929154.000000	1267806.000000	0.000000	0.000000	343131.000000	10000.000000	521
4106422.000000	-2338884.000000	0.000000	0.000000	224767.000000	10000.000000	522
4242361.000000	1246758.000000	0.000000	0.000000	467485.000000	10000.000000	523
-1139962.000000	-3452184.000000	0.000000	0.000000	49477.000000	10000.000000	524
-3469520.000000	-1394358.000000	0.000000	0.000000	269962.000000	10000.000000	525
1673798.000000	-4606407.000000	0.000000	0.000000	149884.000000	10000.000000	526
-4960976.000000	-3008386.000000	0.000000	0.000000	461126.000000	10000.000000	527
-432645.000000	554161.000000	0.000000	0.000000	132456.000000	10000.000000	528
2629054.000000	-3577761.000000	0.000000	0.000000	29604.000000	10000.000000	529
-1880960.000000	4409988.000000	0.000000	0.000000	77578.000000	10000.000000	530
1875468.000000	-117578.000000	0.000000	0.000000	378665.000000	10000.000000	531
4895822.000000	3814348.000000	0.000000	0.000000	43840.000000	10000.000000	532
-422615.000000	2847967.000000	0.000000	0.000000	323670.000000	10000.000000	533
-1780600.000000	-2895747.000000	0.000000	0.000000	478394.000000	10000.000000	534
2210072.000000	2957984.000000	0.000000	0.000000	197336.000000	10000.000000	535
1187091.000000	4957138.000000	0.000000	0.000000	282485.000000	10000.000000	536
4976665.000000	4410536.000000	0.000000	0.000000	470531.000000	10000.000000	537
-3263242.000000	-2563555.000000	0.000000	0.000000	431219.000000	10000.000000	538
-150421.000000	-595656.000000	0.000000	0.000000	356425.000000	10000.000000	539
1342306.000000	1571543.000000	0.000000	0.000000	155773.000000	10000.000000	540
4441368.000000	568156.000000	0.000000	0.000000	388135.000000	10000.000000	541
-82994.000000	282204.000000	0.000000	0.000000	387275.000000	10000.000000	542
4549015.000000	-4438770.000000	0.000000	0.000000	280595.000000	10000.000000	543
-4754928.000000	-4688731.000000	0.000000	0.000000	122862.000000	10000.000000	544
-3552306.000000	-160477.000000	0.000000	0.000000	214412.000000	10000.000000	545
-3900744.000000	-609600.000000	0.000000	0.000000	20278.000000	10000.000000	546
-1983401.000000	492085.000000	0.000000	0.000000	276901.000000	10000.000000	547
541435.000000	3447241.000000	0.000000	0.000000	186040.000000	10000.000000	548
-1519126.000000	964938.000000	0.000000	0.000000	23916.000000	10000.000000	549
-3242952.000000	-2925337.000000	0.000000	0.000000	337620.000000	10000.000000	550
-2482125.000000	3548965.000000	0.000000	0.000000	275670.000000	10000.000000	551
-2928259.000000	120989.000000	0.000000	0.000000	109007.000000	10000.000000	552
-1374387.000000	-1232571.000000	0.000000	0.000000	121005.000000	10000.000000	553
3463640.000000	-1937304.000000	0.000000	0.000000	120063.000000	10000.000000	554
-4451600.000000	-1028637.000000	0.000000	0.000000	168225.000000	10000.000000	555
-643374.000000	1913466.000000	0.000000	0.000000	363060.000000	10000.000000	556
499636.000000	-1755186.000000	0.000000	0.000000	123053.000000	10000.000000	557
2435965.000000	-3926619.000000	0.000000	0.000000	344426.000000	10000.000000	558
4337463.000000	81835.000000	0.000000	0.000000	315855.000000	10000.000000	559
-2321127.000000	-2862524.000000	0.000000	0.000000	410878.000000	10000.000000	560
1941961.000000	1885800.000000	0.000000	0.000000	1979.000000	10000.000000	561
-278493.000000	-3079136.000000	0.000000	0.000000	468891.000000	10000.000000	562
-693607.000000	-3053714.000000	0.000000	0.000000	483722.000000	10000.000000	563
-1945816.000000	1801773.000000	0.000000	0.000000	195666.000000	10000.000000	564
-2637709.000000	1836076.000000	0.000000	0.000000	368127.000000	10000.000000	565
-4158671.000000	3603491.000000	0.000000	0.000000	183111.000000	10000.000000	566
953270.000000	-1853496.000000	0.000000	0.000000	280351.000000	10000.000000	567
931989.000000	3905270.000000	0.000000	0.000000	488782.000000	10000.000000	568
3385610.000000	2233434.000000	0.000000	0.000000	73320.000000	10000.000000	569
3566029.000000	2614672.000000	0.000000	0.000000	180098.000000	10000.000000	570
711255.000000	-1854818.000000	0.000000	0.000000	70689.000000	10000.000000	571
-4728925.000000	-2408064.000000	0.000000	0.000000	286905.000000	10000.000000	572
3634112.000000	1960088.000000	0.000000	0.000000	354078.000000	10000.000000	573
-4652214.000000	-3978207.000000	0.000000	0.000000	65371.000000	10000.000000	574
3375994.000000	-2903259.000000	0.000000	0.000000	272041.000000	10000.000000	575
-2531947.000000	-765804.000000	0.000000	0.000000	7775.000000	10000.000000	576
1850882.000000	89222.000000	0.000000	0.000000	203208.000000	10000.000000	577
2612781.000000	-1196041.000000	0.000000	0.000000	492475.000000	10000.000000	578
905278.000000	-287346.000000	0.000000	0.000000	453064.000000	10000.000000	579
-732405.000000	447715.000000	0.000000	0.000000	302113.000000	10000.000000	580
1639471.000000	3785998.000000	0.000000	0.000000	405841.000000	10000.000000	581
-2333597.000000	-4415465.000000	0.000000	0.000000	340744.000000	10000.000000	582
3652269.000000	4853.000000	0.000000	0.000000	117438.000000	10000.000000	583
-4879910.000000	-4303993.000000	0.000000	0.000000	378298.000000	10000.000000	584
127867.000000	-4360547.000000	0.000000	0.000000	386395.000000	10000.000000	585
-4747602.000000	-1622369.000000	0.000000	0.000000	354263.000000	10000.000000	586
4752586.000000	-239608.000000	0.000000	0.000000	442137.000000	10000.000000	587
2544214.000000	-4819595.000000	0.000000	0.000000	150988.000000	10000.000000	588
-4097207.000000	-1510188.000000	0.000000	0.000000	313309.000000	10000.000000	589
3836784.000000	-2499549.000000	0.000000	0.000000	181392.000000	10000.000000	590
-3255202.000000	1151797.000000	0.000000	0.000000	150641.000000	10000.000000	591
-4016685.000000	-838857.000000	0.000000	0.000000	130414.000000	10000.000000	592
4516830.000000	-4602838.000000	0.000000	0.000000	239425.000000	10000.000000	593
-935979.000000	-4001827.000000	0.000000	0.000000	284595.000000	10000.000000	594
2681195.000000	4047789.000000	0.000000	0.000000	414570.000000	10000.000000	595
3723348.000000	3194857.000000	0.000000	0.000000	256930.000000	10000.000000	596
2243590.000000	4473293.000000	0.000000	0.000000	426142.000000	10000.000000	597
4071259.000000	3810186.000000	0.000000	0.000000	179219.000000	10000.000000	598
-1186057.000000	4830778.000000	0.000000	0.000000	157822.000000	10000.000000	599
-4611454.000000	3782634.000000	0.000000	0.000000	318924.000000	10000.000000	600
8028.000000	1433348.000000	0.000000	0.000000	27773.000000	10000.000000	601
4681837.000000	2430010.000000	0.000000	0.000000	440143.000000	10000.000000	602
-453426.000000	-4510021.000000	0.000000	0.000000	129921.000000	10000.000000	603
-1992090.000000	-311299.000000	0.000000	0.000000	429688.000000	10000.000000	604
3477814.000000	-3801695.000000	0.000000	0.000000	345721.000000	10000.000000	605
396598.000000	-3798105.000000	0.000000	0.000000	375618.000000	10000.000000	606
3471575.000000	-3632101.000000	0.000000	0.000000	361985.000000	10000.000000	607
-403831.000000	3325572.000000	0.000000	0.000000	182129.000000	10000.000000	608
-4756289.000000	2075377.000000	0.000000	0.000000	447358.000000	10000.000000	609
-2887190.000000	-1887861.000000	0.000000	0.000000	136337.000000	10000.000000	610
-2521866.000000	-3617168.000000	0.000000	0.000000	23969.000000	10000.000000	611
32623.000000	737061.000000	0.000000	0.000000	13715.000000	10000.000000	612
-879631.000000	-4199926.000000	0.000000	0.000000	199030.000000	10000.000000	613
-4899077.000000	545364.000000	0.000000	0.000000	127944.000000	10000.000000	614
-1121165.000000	4466120.000000	0.000000	0.000000	411784.000000	10000.000000	615
-2685813.000000	-4049992.000000	0.000000	0.000000	425304.000000	10000.000000	616
-3739660.000000	4178735.000000	0.000000	0.000000	40258.000000	10000.000000	617
-2969514.000000	4734036.000000	0.000000	0.000000	102269.000000	10000.000000	618
-549266.000000	388773.000000	0.000000	0.000000	276804.000000	10000.000000	619
-442432.000000	4027834.000000	0.000000	0.000000	178259.000000	10000.000000	620
3000293.000000	-3520476.000000	0.000000	0.000000	493569.000000	10000.000000	621
-1656094.000000	-1454145.000000	0.000000	0.000000	148092.000000	10000.000000	622
-1309543.000000	3438688.000000	0.000000	0.000000	364012.000000	10000.000000	623
1876139.000000	-1426616.000000	0.000000	0.000000	421416.000000	10000.000000	624
2529383.000000	1077965.000000	0.000000	0.000000	478487.000000	10000.000000	625
-2215630.000000	-367554.000000	0.000000	0.000000	333638.000000	10000.000000	626
335172.000000	-3986819.000000	0.000000	0.000000	438477.000000	10000.000000	627
-58392.000000	515460.000000	0.000000	0.000000	207353.000000	10000.000000	628
-3095045.000000	-2200732.000000	0.000000	0.000000	417910.000000	10000.000000	629
-4044372.000000	-4899152.000000	0.000000	0.000000	300287.000000	10000.000000	630
-969356.000000	4154930.000000	0.000000	0.000000	293149.000000	10000.000000	631
3184395.000000	1630291.000000	0.000000	0.000000	308172.000000	10000.000000	632
3060313.000000	80888.000000	0.000000	0.000000	413558.000000	10000.000000	633
4790501.000000	-4605530.000000	0.000000	0.000000	59057.000000	10000.000000	634
-69662.000000	-2131688.000000	0.000000	0.000000	206264.000000	10000.000000	635
-4131637.000000	-1539412.000000	0.000000	0.000000	93343.000000	10000.000000	636
1739517.000000	3899881.000000	0.000000	0.000000	407272.000000	10000.000000	637
-5603.000000	-185052.000000	0.000000	0.000000	218774.000000	10000.000000	638
4654097.000000	453274.000000	0.000000	0.000000	231321.000000	10000.000000	639
-1707168.000000	1402104.000000	0.000000	0.000000	360957.000000	10000.000000	640
2704081.000000	1462849.000000	0.000000	0.000000	29577.000000	10000.000000	641
-868480.000000	-1869984.000000	0.000000	0.000000	67642.000000	10000.000000	642
2358409.000000	-2263601.000000	0.000000	0.000000	295846.000000	10000.000000	643
-745324.000000	277844.000000	0.000000	0.000000	381684.000000	10000.000000	644
-1876352.000000	-1573642.000000	0.000000	0.000000	81856.000000	10000.000000	645
-4588583.000000	-3726914.000000	0.000000	0.000000	188906.000000	10000.000000	646
-3027001.000000	-3778755.000000	0.000000	0.000000	280189.000000	10000.000000	647
2197054.000000	4136723.000000	0.000000	0.000000	237942.000000	10000.000000	648
-3463769.000000	1150253.000000	0.000000	0.000000	89950.000000	10000.000000	649
4094793.000000	2155209.000000	0.000000	0.000000	409262.000000	10000.000000	650
-4408570.000000	-2888170.000000	0.000000	0.000000	487406.000000	10000.000000	651
4698014.000000	-3516840.000000	0.000000	0.000000	310223.000000	10000.000000	652
-2586150.000000	-3146250.000000	0.000000	0.000000	86452.000000	10000.000000	653
-3637952.000000	2142378.000000	0.000000	0.000000	314674.000000	10000.000000	654
-4356150.000000	2991167.000000	0.000000	0.000000	138183.000000	10000.000000	655
2421420.000000	-710787.000000	0.000000	0.000000	276564.000000	10000.000000	656
458423.000000	-2688780.000000	0.000000	0.000000	222597.000000	10000.000000	657
4481770.000000	-2359309.000000	0.000000	0.000000	422903.000000	10000.000000	658
3088466.000000	1262154.000000	0.000000	0.000000	28141.000000	10000.000000	659
-1964212.000000	-2382718.000000	0.000000	0.000000	409760.000000	10000.000000	660
-647505.000000	1782021.000000	0.000000	0.000000	94840.000000	10000.000000	661
-2993098.000000	4617372.000000	0.000000	0.000000	84603.000000	10000.000000	662
-4801841.000000	1142005.000000	0.000000	0.000000	320011.000000	10000.000000	663
1900904.000000	-2668521.000000	0.000000	0.000000	19171.000000	10000.000000	664
3790670.000000	2270353.000000	0.000000	0.000000	304226.000000	10000.000000	665
269958.000000	318828.000000	0.000000	0.000000	237786.000000	10000.000000	666
4535755.000000	539774.000000	0.000000	0.000000	432724.000000	10000.000000	667
1383167.000000	2286102.000000	0.000000	0.000000	270019.000000	10000.000000	668
377248.000000	-1921547.000000	0.000000	0.000000	114787.000000	10000.000000	669
-1216921.000000	-3745225.000000	0.000000	0.000000	424826.000000	10000.000000	670
-1920539.000000	-1891952.000000	0.000000	0.000000	63846.000000	10000.000000	671
-2083660.000000	1552793.000000	0.000000	0.000000	371819.000000	10000.000000	672
-3791317.000000	1398801.000000	0.000000	0.000000	209834.000000	10000.000000	673
-2181545.000000	-1386783.000000	0.000000	0.000000	413722.000000	10000.000000	674
741524.000000	-3939871.000000	0.000000	0.000000	426301.000000	10000.000000	675
2339046.000000	-4763700.000000	0.000000	0.000000	142679.000000	10000.000000	676
3869395.000000	2662125.000000	0.000000	0.000000	143771.000000	10000.000000	677
2134831.000000	277702.000000	0.000000	0.000000	478143.000000	10000.000000	678
-490374.000000	-3519868.000000	0.000000	0.000000	354096.000000	10000.000000	679
-2255542.000000	-3045544.000000	0.000000	0.000000	258867.000000	10000.000000	680
-2943092.000000	3130155.000000	0.000000	0.000000	285487.000000	10000.000000	681
-1775147.000000	-3174968.000000	0.000000	0.000000	402252.000000	10000.000000	682
-27640.000000	1841683.000000	0.000000	0.000000	197802.000000	10000.000000	683
3979683.000000	-3447893.000000	0.000000	0.000000	306818.000000	10000.000000	684
-3522549.000000	-3732570.000000	0.000000	0.000000	145576.000000	10000.000000	685
948065.000000	-4996465.000000	0.000000	0.000000	459326.000000	10000.000000	686
-717638.000000	2678341.000000	0.000000	0.000000	497037.000000	10000.000000	687
3659927.000000	532401.000000	0.000000	0.000000	462512.000000	10000.000000	688
-511514.000000	361934.000000	0.000000	0.000000	428765.000000	10000.000000	689
-2188608.000000	748044.000000	0.000000	0.000000	232972.000000	10000.000000	690
-1785233.000000	1807049.000000	0.000000	0.000000	176569.000000	10000.000000	691
-4491712.000000	-128749.000000	0.000000	0.000000	287660.000000	10000.000000	692
-4969566.000000	1729947.000000	0.000000	0.000000	168914.000000	10000.000000	693
-495595.000000	-4433013.000000	0.000000	0.000000	284370.000000	10000.000000	694
507194.000000	-3462218.000000	0.000000	0.000000	367731.000000	10000.000000	695
-1121364.000000	4157128.000000	0.000000	0.000000	156439.000000	10000.000000	696
4032223.000000	2526369.000000	0.000000	0.000000	22661.000000	10000.000000	697
2177505.000000	-4859807.000000	0.000000	0.000000	297695.000000	10000.000000	698
3005810.000000	-2700248.000000	0.000000	0.000000	214989.000000	10000.000000	699
-845493.000000	2104525.000000	0.000000	0.000000	58674.000000	10000.000000	700
-637264.000000	-1415088.000000	0.000000	0.000000	466224.000000	10000.000000	701
-2536358.000000	4706017.000000	0.000000	0.000000	101136.000000	10000.000000	702
939371.000000	-2579179.000000	0.000000	0.000000	319463.000000	10000.000000	703
848477.000000	645448.000000	0.000000	0.000000	387356.000000	10000.000000	704
51084.000000	-1592337.000000	0.000000	0.000000	160772.000000	10000.000000	705
2169090.000000	2968933.000000	0.000000	0.000000	404386.000000	10000.000000	706
1941044.000000	-1901871.000000	0.000000	0.000000	424256.000000	10000.000000	707
4962097.000000	1694808.000000	0.000000	0.000000	437289.000000	10000.000000	708
-1217016.000000	1262157.000000	0.000000	0.000000	403888.000000	10000.000000	709
2341428.000000	-4129010.000000	0.000000	0.000000	190875.000000	10000.000000	710
-17656.000000	-3283964.000000	0.000000	0.000000	207199.000000	10000.000000	711
-3644217.000000	1004658.000000	0.000000	0.000000	307933.000000	10000.000000	712
-615582.000000	4780392.000000	0.000000	0.000000	324536.000000	10000.000000	713
2231771.000000	91749.000000	0.000000	0.000000	483215.000000	10000.000000	714
-2901332.000000	-4549465.000000	0.000000	0.000000	14204.000000	10000.000000	715
-4770318.000000	-4124183.000000	0.000000	0.000000	413245.000000	10000.000000	716
-3142685.000000	-1379867.000000	0.000000	0.000000	327786.000000	10000.000000	717
-1259997.000000	-1060200.000000	0.000000	0.000000	144915.000000	10000.000000	718
988627.000000	-2824795.000000	0.000000	0.000000	68838.000000	10000.000000	719
-1406975.000000	-880353.000000	0.000000	0.000000	171948.000000	10000.000000	720
3291678.000000	220282.000000	0.000000	0.000000	440808.000000	10000.000000	721
-987663.000000	-3959150.000000	0.000000	0.000000	268239.000000	10000.000000	722
1515214.000000	-2590061.000000	0.000000	0.000000	116988.000000	10000.000000	723
-902197.000000	4969581.000000	0.000000	0.000000	357107.000000	10000.000000	724
-3030028.000000	4450717.000000	0.000000	0.000000	98951.000000	10000.000000	725
-2223505.000000	-1292480.000000	0.000000	0.000000	319509.000000	10000.000000	726
1524355.000000	-4087219.000000	0.000000	0.000000	308217.000000	10000.000000	727
4224962.000000	-1234348.000000	0.000000	0.000000	53320.000000	10000.000000	728
3384270.000000	765312.000000	0.000000	0.000000	348377.000000	10000.000000	729
-1188069.000000	1931072.000000	0.000000	0.000000	357602.000000	10000.000000	730
1472662.000000	4826128.000000	0.000000	0.000000	123444.000000	10000.000000	731
-2079153.000000	-69026.000000	0.000000	0.000000	163717.000000	10000.000000	732
2031512.000000	-4651670.000000	0.000000	0.000000	53322.000000	10000.000000	733
4913319.000000	-2764715.000000	0.000000	0.000000	223945.000000	10000.000000	734
3829583.000000	-1128687.000000	0.000000	0.000000	318390.000000	10000.000000	735
-1493462.000000	967057.000000	0.000000	0.000000	140224.000000	10000.000000	736
1524146.000000	2561569.000000	0.000000	0.000000	475229.000000	10000.000000	737
255394.000000	428454.000000	0.000000	0.000000	14532.000000	10000.000000	738
1646922.000000	-2431461.000000	0.000000	0.000000	97453.000000	10000.000000	739
2785339.000000	683085.000000	0.000000	0.000000	251674.000000	10000.000000	740
4128297.000000	-4369821.000000	0.000000	0.000000	416649.000000	10000.000000	741
4840422.000000	1105908.000000	0.000000	0.000000	134032.000000	10000.000000	742
74807.000000	155790.000000	0.000000	0.000000	11125.000000	10000.000000	743
-4020208.000000	4988048.000000	0.000000	0.000000	446438.000000	10000.000000	744
-2325864.000000	2270372.000000	0.000000	0.000000	290312.000000	10000.000000	745
3634004.000000	3104715.000000	0.000000	0.000000	270104.000000	10000.000000	746
3624344.000000	-212773.000000	0.000000	0.000000	382594.000000	10000.000000	747
4984505.000000	-2738942.000000	0.000000	0.000000	211054.000000	10000.000000	748
-1344965.000000	-2216364.000000	0.000000	0.000000	432923.000000	10000.000000	749
2677617.000000	-4902980.000000	0.000000	0.000000	381826.000000	10000.000000	750
1469074.000000	-853747.000000	0.000000	0.000000	424562.000000	10000.000000	751
4537759.000000	2307396.000000	0.000000	0.000000	142824.000000	10000.000000	752
4919677.000000	2755534.000000	0.000000	0.000000	223751.000000	10000.000000	753
-1520450.000000	2276630.000000	0.000000	0.000000	446730.000000	10000.000000	754
-1647810.000000	2623594.000000	0.000000	0.000000	122534.000000	10000.000000	755
3067006.000000	257638.000000	0.000000	0.000000	231613.000000	10000.000000	756
-2195406.000000	-2606181.000000	0.000000	0.000000	72557.000000	10000.000000	757
3714002.000000	-4708726.000000	0.000000	0.000000	381445.000000	10000.000000	758
2947057.000000	-4621267.000000	0.000000	0.000000	415533.000000	10000.000000	759
-4276714.000000	4537695.000000	0.000000	0.000000	186123.000000	10000.000000	760
770082.000000	2554103.000000	0.000000	0.000000	409511.000000	10000.000000	761
-2242125.000000	1247345.000000	0.000000	0.000000	316851.000000	10000.000000	762
-2649966.000000	3504124.000000	0.000000	0.000000	140756.000000	10000.000000	763
1711359.000000	-826384.000000	0.000000	0.000000	488025.000000	10000.000000	764
-1055713.000000	-2251815.000000	0.000000	0.000000	39114.000000	10000.000000	765
4201842.000000	-3431436.000000	0.000000	0.000000	223680.000000	10000.000000	766
-2364817.000000	-888826.000000	0.000000	0.000000	327764.000000	10000.000000	767
3332012.000000	-3311133.000000	0.000000	0.000000	159056.000000	10000.000000	768
1382550.000000	-428900.000000	0.000000	0.000000	449089.000000	10000.000000	769
4490136.000000	-4313590.000000	0.000000	0.000000	34119.000000	10000.000000	770
-3891708.000000	242745.000000	0.000000	0.000000	397438.000000	10000.000000	771
-3126788.000000	2312367.000000	0.000000	0.000000	473067.000000	10000.000000	772
-3364713.000000	303990.000000	0.000000	0.000000	297272.000000	10000.000000	773
2934971.000000	-4688575.000000	0.000000	0.000000	367205.000000	10000.000000	774
-4607680.000000	-655065.000000	0.000000	0.000000	128923.000000	10000.000000	775
4113470.000000	3866385.000000	0.000000	0.000000	202712.000000	10000.000000	776
3051222.000000	-4442234.000000	0.000000	0.000000	356791.000000	10000.000000	777
4450844.000000	2293671.000000	0.000000	0.000000	381915.000000	10000.000000	778
289577.000000	-550857.000000	0.000000	0.000000	27403.000000	10000.000000	779
-1322878.000000	-368680.000000	0.000000	0.000000	2280.000000	10000.000000	780
-2891092.000000	4117643.000000	0.000000	0.000000	115352.000000	10000.000000	781
-4443052.000000	3241611.000000	0.000000	0.000000	63676.000000	10000.000000	782
3227569.000000	3659270.000000	0.000000	0.000000	444683.000000	10000.000000	783
-4967085.000000	795041.000000	0.000000	0.000000	177219.000000	10000.000000	784
1978388.000000	4374790.000000	0.000000	0.000000	42088.000000	10000.000000	785
3139595.000000	-3220444.000000	0.000000	0.000000	90995.000000	10000.000000	786
-4330292.000000	-316715.000000	0.000000	0.000000	223386.000000	10000.000000	787
-2496218.000000	-561607.000000	0.000000	0.000000	131601.000000	10000.000000	788
-3352195.000000	-1557831.000000	0.000000	0.000000	225497.000000	10000.000000	789
-2582606.000000	2920214.000000	0.000000	0.000000	495204.000000	10000.000000	790
669081.000000	-1361222.000000	0.000000	0.000000	427550.000000	10000.000000	791
4033478.000000	-2808521.000000	0.000000	0.000000	208688.000000	10000.000000	792
1669691.000000	1694866.000000	0.000000	0.000000	69071.000000	10000.000000	793
-4367819.000000	-3050391.000000	0.000000	0.000000	238312.000000	10000.000000	794
-4450106.000000	-4009148.000000	0.000000	0.000000	247977.000000	10000.000000	795
252311.000000	-3224884.000000	0.000000	0.000000	371516.000000	10000.000000	796
-1074548.000000	4137505.000000	0.000000	0.000000	193270.000000	10000.000000	797
-2503119.000000	-1778622.000000	0.000000	0.000000	173426.000000	10000.000000	798
-3519679.000000	-3418781.000000	0.000000	0.000000	87552.000000	10000.000000	799
-494271.000000	4481341.000000	0.000000	0.000000	426981.000000	10000.000000	800
4465610.000000	-1707519.000000	0.000000	0.000000	266950.000000	10000.000000	801
-3313777.000000	-153188.000000	0.000000	0.000000	299586.000000	10000.000000	802
-3623991.000000	-790739.000000	0.000000	0.000000	250340.000000	10000.000000	803
3515231.000000	-2721192.000000	0.000000	0.000000	55786.000000	10000.000000	804
4800012.000000	1375736.000000	0.000000	0.000000	307039.000000	10000.000000	805
3919870.000000	2315657.000000	0.000000	0.000000	255713.000000	10000.000000	806
2135272.000000	4666928.000000	0.000000	0.000000	1174.000000	10000.000000	807
-984620.000000	-2847002.000000	0.000000	0.000000	311505.000000	10000.000000	808
1468841.000000	1425427.000000	0.000000	0.000000	45874.000000	10000.000000	809
-1196314.000000	-2070688.000000	0.000000	0.000000	470559.000000	10000.000000	810
-2558314.000000	4258719.000000	0.000000	0.000000	226240.000000	10000.000000	811
902430.000000	-2843714.000000	0.000000	0.000000	159235.000000	10000.000000	812
4452976.000000	4207311.000000	0.000000	0.000000	166184.000000	10000.000000	813
-4209137.000000	1189871.000000	0.000000	0.000000	380041.000000	10000.000000	814
1860868.000000	2622714.000000	0.000000	0.000000	235481.000000	10000.000000	815
4259395.000000	1625641.000000	0.000000	0.000000	476593.000000	10000.000000	816
1015887.000000	-4967048.000000	0.000000	0.000000	156369.000000	10000.000000	817
3651511.000000	-1615524.000000	0.000000	0.000000	13715.000000	10000.000000	818
4878957.000000	-248852.000000	0.000000	0.000000	187698.000000	10000.000000	819
-1848246.000000	3972595.000000	0.000000	0.000000	144155.000000	10000.000000	820
188386.000000	-1031852.000000	0.000000	0.000000	9972.000000	10000.000000	821
1627917.000000	-372263.000000	0.000000	0.000000	414288.000000	10000.000000	822
-310436.000000	-177031.000000	0.000000	0.000000	19799.000000	10000.000000	823
-2612856.000000	485972.000000	0.000000	0.000000	103527.000000	10000.000000	824
-1900464.000000	841210.000000	0.000000	0.000000	157252.000000	10000.000000	825
366197.000000	2829484.000000	0.000000	0.000000	66299.000000	10000.000000	826
3538358.000000	3726618.000000	0.000000	0.000000	370374.000000	10000.000000	827
2218038.000000	-3100747.000000	0.000000	0.000000	35888.000000	10000.000000	828
2648227.000000	2239088.000000	0.000000	0.000000	432525.000000	10000.000000	829
-264304.000000	-4447156.000000	0.000000	0.000000	31351.000000	10000.000000	830
1867566.000000	-2809776.000000	0.000000	0.000000	348818.000000	10000.000000	831
-712437.000000	992319.000000	0.000000	0.000000	377710.000000	10000.000000	832
-1906168.000000	-3916224.000000	0.000000	0.000000	52096.000000	10000.000000	833
1643975.000000	1819851.000000	0.000000	0.000000	439640.000000	10000.000000	834
-2066878.000000	3361747.000000	0.000000	0.000000	61651.000000	10000.000000	835
2690983.000000	4794597.000000	0.000000	0.000000	387343.000000	10000.000000	836
1604198.000000	-773637.000000	0.000000	0.000000	341212.000000	10000.000000	837
-4029710.000000	754581.000000	0.000000	0.000000	202877.000000	10000.000000	838
-2445097.000000	1515253.000000	0.000000	0.000000	54906.000000	10000.000000	839
-3665170.000000	3658111.000000	0.000000	0.000000	266344.000000	10000.000000	840
-3593902.000000	3013965.000000	0.000000	0.000000	138258.000000	10000.000000	841
3110480.000000	2133026.000000	0.000000	0.000000	465330.000000	10000.000000	842
-1597489.000000	-170148.000000	0.000000	0.000000	150187.000000	10000.000000	843
-3414705.000000	4249439.000000	0.000000	0.000000	398376.000000	10000.000000	844
231231.000000	4506920.000000	0.000000	0.000000	267646.000000	10000.000000	845
-390182.000000	3056943.000000	0.000000	0.000000	60127.000000	10000.000000	846
3779641.000000	1108647.000000	0.000000	0.000000	259418.000000	10000.000000	847
1810656.000000	-2584471.000000	0.000000	0.000000	105565.000000	10000.000000	848
2038362.000000	-2515048.000000	0.000000	0.000000	162013.000000	10000.000000	849
4012528.000000	-4650397.000000	0.000000	0.000000	326156.000000	10000.000000	850
-2214250.000000	2850075.000000	0.000000	0.000000	465098.000000	10000.000000	851
1408994.000000	-519189.000000	0.000000	0.000000	128683.000000	10000.000000	852
-1711436.000000	4182580.000000	0.000000	0.000000	26164.000000	10000.000000	853
-3941257.000000	-2453636.000000	0.000000	0.000000	179097.000000	10000.000000	854
588120.000000	-2885027.000000	0.000000	0.000000	391291.000000	10000.000000	855
-1313815.000000	-306674.000000	0.000000	0.000000	140479.000000	10000.000000	856
416423.000000	4972428.000000	0.000000	0.000000	441922.000000	10000.000000	857
-2701210.000000	-2697165.000000	0.000000	0.000000	443800.000000	10000.000000	858
-4222841.000000	745791.000000	0.000000	0.000000	253747.000000	10000.000000	859
-4575100.000000	4741833.000000	0.000000	0.000000	212186.000000	10000.000000	860
-3710163.000000	-4039567.000000	0.000000	0.000000	20524.000000	10000.000000	861
-2448035.000000	-3210971.000000	0.000000	0.000000	19987.000000	10000.000000	862
-2496331.000000	-3285324.000000	0.000000	0.000000	138571.000000	10000.000000	863
4359564.000000	-2474690.000000	0.000000	0.000000	197734.000000	10000.000000	864
3599617.000000	-2548501.000000	0.000000	0.000000	191500.000000	10000.000000	865
-2016568.000000	1036816.000000	0.000000	0.000000	196051.000000	10000.000000	866
-1833973.000000	-2569832.000000	0.000000	0.000000	86480.000000	10000.000000	867
-4910912.000000	1484529.000000	0.000000	0.000000	405882.000000	10000.000000	868
3472724.000000	435878.000000	0.000000	0.000000	121380.000000	10000.000000	869
3602925.000000	-4088724.000000	0.000000	0.000000	433383.000000	10000.000000	870
4325221.000000	-2128342.000000	0.000000	0.000000	11010.000000	10000.000000	871
-2663049.000000	-320346.000000	0.000000	0.000000	113327.000000	10000.000000	872
-1928372.000000	-608439.000000	0.000000	0.000000	373595.000000	10000.000000	873
-2509083.000000	3689063.000000	0.000000	0.000000	256630.000000	10000.000000	874
-1979419.000000	-1911304.000000	0.000000	0.000000	121925.000000	10000.000000	875
4027948.000000	4995207.000000	0.000000	0.000000	442639.000000	10000.000000	876
2143140.000000	2738296.000000	0.000000	0.000000	402652.000000	10000.000000	877
340932.000000	1625847.000000	0.000000	0.000000	457192.000000	10000.000000	878
1130782.000000	420175.000000	0.000000	0.000000	402575.000000	10000.000000	879
-4253659.000000	1411790.000000	0.000000	0.000000	133292.000000	10000.000000	880
1432571.000000	4270531.000000	0.000000	0.000000	411242.000000	10000.000000	881
4147265.000000	-2269983.000000	0.000000	0.000000	243865.000000	10000.000000	882
-3419256.000000	2370763.000000	0.000000	0.000000	2414.000000	10000.000000	883
2637061.000000	4242526.000000	0.000000	0.000000	458277.000000	10000.000000	884
4505215.000000	488799.000000	0.000000	0.000000	174003.000000	10000.000000	885
-1378744.000000	-2653740.000000	0.000000	0.000000	200147.000000	10000.000000	886
-2542238.000000	4157246.000000	0.000000	0.000000	197671.000000	10000.000000	887
-1413670.000000	230981.000000	0.000000	0.000000	175153.000000	10000.000000	888
-3692577.000000	1772968.000000	0.000000	0.000000	200872.000000	10000.000000	889
-2056356.000000	-3678597.000000	0.000000	0.000000	166625.000000	10000.000000	890
-815693.000000	1387446.000000	0.000000	0.000000	416065.000000	10000.000000	891
-2196272.000000	-840582.000000	0.000000	0.000000	337475.000000	10000.000000	892
-4796716.000000	3400964.000000	0.000000	0.000000	207683.000000	10000.000000	893
801308.000000	1946748.000000	0.000000	0.000000	48966.000000	10000.000000	894
-3116667.000000	-1946278.000000	0.000000	0.000000	303276.000000	10000.000000	895
1408238.000000	2668981.000000	0.000000	0.000000	254755.000000	10000.000000	896
-2200187.000000	2531694.000000	0.000000	0.000000	57177.000000	10000.000000	897
479141.000000	-4458608.000000	0.000000	0.000000	117299.000000	10000.000000	898
-3436057.000000	-15851.000000	0.000000	0.000000	401235.000000	10000.000000	899
4648540.000000	-2765448.000000	0.000000	0.000000	99141.000000	10000.000000	900
4370783.000000	1826833.000000	0.000000	0.000000	207559.000000	10000.000000	901
-2846875.000000	575826.000000	0.000000	0.000000	346255.000000	10000.000000	902
-93595.000000	2917055.000000	0.000000	0.000000	240379.000000	10000.000000	903
3250352.000000	2105480.000000	0.000000	0.000000	28226.000000	10000.000000	904
1392945.000000	-2052924.000000	0.000000	0.000000	120806.000000	10000.000000	905
4494635.000000	-3339424.000000	0.000000	0.000000	62746.000000	10000.000000	906
2199821.000000	-1062329.000000	0.000000	0.000000	25584.000000	10000.000000	907
1445328.000000	62067.000000	0.000000	0.000000	330049.000000	10000.000000	908
-4521611.000000	-4507560.000000	0.000000	0.000000	169988.000000	10000.000000	909
1735781.000000	-4542313.000000	0.000000	0.000000	197145.000000	10000.000000	910
-801797.000000	1914154.000000	0.000000	0.000000	273940.000000	10000.000000	911
-1871300.000000	-3014288.000000	0.000000	0.000000	297291.000000	10000.000000	912
1736937.000000	900485.000000	0.000000	0.000000	204267.000000	10000.000000	913
-4934258.000000	-3899912.000000	0.000000	0.000000	181060.000000	10000.000000	914
326573.000000	-3223945.000000	0.000000	0.000000	310382.000000	10000.000000	915
266306.000000	-2740938.000000	0.000000	0.000000	444780.000000	10000.000000	916
-254325.000000	-3903073.000000	0.000000	0.000000	466648.000000	10000.000000	917
2131303.000000	684492.000000	0.000000	0.000000	204050.000000	10000.000000	918
-3939826.000000	1197679.000000	0.000000	0.000000	363944.000000	10000.000000	919
4630317.000000	-4210595.000000	0.000000	0.000000	332692.000000	10000.000000	920
3570290.000000	440266.000000	0.000000	0.000000	211092.000000	10000.000000	921
-4857052.000000	-4251595.000000	0.000000	0.000000	417811.000000	10000.000000	922
3361024.000000	1392056.000000	0.000000	0.000000	81799.000000	10000.000000	923
-3485241.000000	-3744883.000000	0.000000	0.000000	140827.000000	10000.000000	924
-1771203.000000	910193.000000	0.000000	0.000000	91367.000000	10000.000000	925
-3137303.000000	-4592345.000000	0.000000	0.000000	232608.000000	10000.000000	926
-3706995.000000	3411628.000000	0.000000	0.000000	462021.000000	10000.000000	927
-4624683.000000	2952479.000000	0.000000	0.000000	451937.000000	10000.000000	928
693680.000000	-46575.000000	0.000000	0.000000	414771.000000	10000.000000	929
307605.000000	4884243.000000	0.000000	0.000000	490890.000000	10000.000000	930
-405009.000000	-4770201.000000	0.000000	0.000000	6549.000000	10000.000000	931
-2423413.000000	-2395218.000000	0.000000	0.000000	228247.000000	10000.000000	932
2348246.000000	4992058.000000	0.000000	0.000000	491520.000000	10000.000000	933
179988.000000	1889645.000000	0.000000	0.000000	132461.000000	10000.000000	934
2124630.000000	-3684340.000000	0.000000	0.000000	418711.000000	10000.000000	935
-2035227.000000	-4484588.000000	0.000000	0.000000	126162.000000	10000.000000	936
-853044.000000	1741107.000000	0.000000	0.000000	385348.000000	10000.000000	937
-1418906.000000	-3989178.000000	0.000000	0.000000	426436.000000	10000.000000	938
-1078285.000000	41411.000000	0.000000	0.000000	278222.000000	10000.000000	939
-1571101.000000	3629523.000000	0.000000	0.000000	413542.000000	10000.000000	940
-3297489.000000	-508643.000000	0.000000	0.000000	386701.000000	10000.000000	941
4334299.000000	2797878.000000	0.000000	0.000000	62737.000000	10000.000000	942
-3485062.000000	446132.000000	0.000000	0.000000	181097.000000	10000.000000	943
1996184.000000	4413479.000000	0.000000	0.000000	35586.000000	10000.000000	944
1677181.000000	2141283.000000	0.000000	0.000000	240062.000000	10000.000000	945
28610.000000	3277199.000000	0.000000	0.000000	238838.000000	10000.000000	946
641569.000000	4218611.000000	0.000000	0.000000	278124.000000	10000.000000	947
2995153.000000	3347482.000000	0.000000	0.000000	237079.000000	10000.000000	948
2612106.000000	-113652.000000	0.000000	0.000000	28043.000000	10000.000000	949
-2725519.000000	-1419125.000000	0.000000	0.000000	242730.000000	10000.000000	950
3039529.000000	4659002.000000	0.000000	0.000000	39437.000000	10000.000000	951
-840969.000000	-2030967.000000	0.000000	0.000000	412112.000000	10000.000000	952
-2962300.000000	947918.000000	0.000000	0.000000	410045.000000	10000.000000	953
-305834.000000	4653640.000000	0.000000	0.000000	318857.000000	10000.000000	954
2990509.000000	290520.000000	0.000000	0.000000	321588.000000	10000.000000	955
27678.000000	-3429533.000000	0.000000	0.000000	473059.000000	10000.000000	956
-3551362.000000	36059.000000	0.000000	0.000000	85232.000000	10000.000000	957
2392604.000000	-1503058.000000	0.000000	0.000000	212829.000000	10000.000000	958
193954.000000	1347372.000000	0.000000	0.000000	379801.000000	10000.000000	959
2422800.000000	2563827.000000	0.000000	0.000000	267244.000000	10000.000000	960
-3486904.000000	-1823179.000000	0.000000	0.000000	185628.000000	10000.000000	961
-1253235.000000	205239.000000	0.000000	0.000000	9732.000000	10000.000000	962
-3203387.000000	-876651.000000	0.000000	0.000000	63995.000000	10000.000000	963
-4922074.000000	-4645874.000000	0.000000	0.000000	371673.000000	10000.000000	964
412574.000000	1521205.000000	0.000000	0.000000	235075.000000	10000.000000	965
-2607803.000000	3027537.000000	0.000000	0.000000	1855.000000	10000.000000	966
4942554.000000	-2850247.000000	0.000000	0.000000	482992.000000	10000.000000	967
377836.000000	1718322.000000	0.000000	0.000000	314271.000000	10000.000000	968
-263973.000000	3406040.000000	0.000000	0.000000	344421.000000	10000.000000	969
4260046.000000	-906635.000000	0.000000	0.000000	34702.000000	10000.000000	970
1899568.000000	-3347503.000000	0.000000	0.000000	318906.000000	10000.000000	971
-1480319.000000	3064078.000000	0.000000	0.000000	301596.000000	10000.000000	972
-3327779.000000	-3985714.000000	0.000000	0.000000	348094.000000	10000.000000	973
3489289.000000	133259.000000	0.000000	0.000000	194137.000000	10000.000000	974
-737731.000000	3991779.000000	0.000000	0.000000	457050.000000	10000.000000	975
2746372.000000	-3540508.000000	0.000000	0.000000	322108.000000	10000.000000	976
-1708917.000000	-181556.000000	0.000000	0.000000	160826.000000	10000.000000	977
259317.000000	-1150806.000000	0.000000	0.000000	113114.000000	10000.000000	978
-3133159.000000	-143765.000000	0.000000	0.000000	294816.000000	10000.000000	979
-732065.000000	-4971292.000000	0.000000	0.000000	399759.000000	10000.000000	980
-634593.000000	1833745.000000	0.000000	0.000000	22369.000000	10000.000000	981
-4278073.000000	-1142065.000000	0.000000	0.000000	325294.000000	10000.000000	982
-3484270.000000	-527377.000000	0.000000	0.000000	120317.000000	10000.000000	983
1397550.000000	885860.000000	0.000000	0.000000	27498.000000	10000.000000	984
1507642.000000	-3706943.000000	0.000000	0.000000	238803.000000	10000.000000	985
657934.000000	-3597217.000000	0.000000	0.000000	398700.000000	10000.000000	986
4309215.000000	-1701469.000000	0.000000	0.000000	218599.000000	10000.000000	987
-1417448.000000	1653983.000000	0.000000	0.000000	479831.000000	10000.000000	988
-4554378.000000	1639024.000000	0.000000	0.000000	310546.000000	10000.000000	989
4199486.000000	1058788.000000	0.000000	0.000000	276019.000000	10000.000000	990
3942971.000000	415085.000000	0.000000	0.000000	414080.000000	10000.000000	991
-894110.000000	-2082488.000000	0.000000	0.000000	327662.000000	10000.000000	992
3913163.000000	-1311059.000000	0.000000	0.000000	183237.000000	10000.000000	993
-1078382.000000	-2904172.000000	0.000000	0.000000	103890.000000	10000.000000	994
-1883157.000000	-2971999.000000	0.000000	0.000000	4427.000000	10000.000000	995
-758465.000000	1655550.000000	0.000000	0.000000	328441.000000	10000.000000	996
-2482968.000000	3197812.000000	0.000000	0.000000	359349.000000	10000.000000	997
2006259.000000	3857075.000000	0.000000	0.000000	212256.000000	10000.000000	998
-4061276.000000	946676.000000	0.000000	0.000000	191481.000000	10000.000000	999
