2	14
100.000000	150.000000	0.000000	0.000000	5.000000  5.000000	0
50.000000	100.000000	0.000000	0.000000	5.000000	5.000000	1
-100.000000	-150.000000	0.000000	0.000000	5.000000	5.000000	2
100.000000	-150.000000	0.000000	0.000000	5.000000	5.000000	3
150.000000	50.000000	0.000000	0.000000	5.000000	5.000000	4
150.000000	-50.000000	0.000000	0.000000	5.000000	5.000000	5
-150.000000	-50.000000	0.000000	0.000000	5.000000	5.000000	6
-10.000000	12.000000	0.000000	0.000000	5.000000	5.000000	7
-14.000000	180.000000	0.000000	0.000000	5.000000	5.000000	8
0.000000	0.000000	0.000000	0.000000	5.000000	5.000000	9
-167.000000	-167.000000	0.000000	0.000000	5.000000	5.000000	10
15.000000	15.000000	0.000000	0.000000	5.000000	5.000000	11
67.000000	-67.000000	0.000000	0.000000	5.000000	5.000000	12
-120.000000	88.000000	0.000000	0.000000	5.000000	5.000000	13

